поскольку: 6
иметь: 2 4 5 6 6 6 8 8
средство: 0 4 4 6 8
отличие: 2 8
рэш: 0 1 2 3 4 5 6 7 8 9
он: 4 6
рынок: 0 1 2 3 4 5 6 6 6 6 6 6 6 7 8 8 8 8 9
дивный: 8
эффективно: 8
устроить: 8
специалист: 4 5 6 6
операция: 0 0 4 4 4 6 6 8
конец: 1 4 5 8 8 8
резерв: 8 8 8 8
область: 8
запретить: 6
история: 0 4 4 4 6 8
захотеть: 6
также: 0 3 4 6 8
бесить: 5 5
счётный: 0
цензура: 6
кнр: 6
дать: 0 4 4 5 6 6
свой: 0 1 2 3 4 4 4 4 4 4 5 5 5 5 6 6 6 6 6 6 6 6 7 8 8 8 8 8 9
просмотр: 0 0 1 1 2 2 3 3 4 4 5 5 6 6 7 7 8 8 9
интерес: 6 6 8 8
инвестиционный: 6 6 6 6 8 8
тариф: 0 1 2 3 4 5 6 7 8 9
умный: 0
реквизит: 4
слово: 2 4 6 6 6 8
расширить: 2 6
краткий: 5 8
арбитражер: 8 8
позиция: 6
посол: 6
соцсеть: 0 1 2 3 4 4 5 6 7 8 9
претензия: 4 6
быть: 1 4 4 4 6 8 8
определять: 2 6 6
мегапроект: 6
ждать: 4 4 6
признавать: 5 6 8
вглубь: 6
финансовый: 0 0 0 6 6 8 8 8 8 8 8 8 8 8 8
корректно: 8
формироваться: 0 1 2 3 4 5 6 7 8 9
институт: 0 8
придавать: 2
продукт: 0 3 3 3 4 6
расход: 0 4 6
требовать: 0 6 6
норма: 1 5 5
отлично: 8
продукция: 6 6 6
мера: 6 6 6
один: 0 0 0 0 1 2 2 3 3 4 4 4 5 5 6 6 6 6 7 8 8 8 8 9
изображение: 0
скептически: 8
предложение: 4 6 8 8
проверка: 0 4 4 4
многовекторность: 6
должный: 0 1 2 3 4 4 5 6 6 6 7 8 8 8 8 9
высказываться: 6
демографический: 6
шестьдесят: 0
место: 0 5 8
продакт: 3
поиск: 0 1 2 3 4 5 6 7 8 9
корректный: 5
уточнить: 5
специальный: 0 6
наш: 0 5 6 6
риск: 1 3 3 3 6 6 6 8
евразия: 6
ковачича: 6
исправлять: 0
цель: 6 6 6
резкий: 6
отказать: 0 1 2 3 4 5 6 7 8 9
вариант: 1 1 6 8 8
особенность: 2
денежный: 4 8 8
беларусь: 6 6
немногий: 8
радикально: 8
способ: 0 0 1 2 3 4 5 6 7 8 8 9
крупный: 0 1 2 2 3 3 4 4 4 5 6 6 6 6 6 7 8 8 8 8 8 8 9
уточнять: 6
узнавать: 8
аналог: 0 6 8
движение: 0
выдать: 0 4 8
количество: 0 1 2 2 2 2 3 4 5 6 6 7 8 8 9
инфраструктура: 6 6
использовать: 0 6
карман: 4
бухгалтерский: 0 0 0 0 0 0
окончательно: 0 4
метод: 0 0 5
санкция: 0 1 2 3 4 5 6 6 6 6 7 8 8 9
недавний: 6
затруднить: 6
цена: 8 8 8
просчитать: 3
изложить: 8
мосбиржа: 4
электроника: 6 6 6
превратить: 8
синтез: 2
криптовалюта: 4 8 8 8
итог: 0 1 2 3 4 4 4 5 5 6 6 6 7 8 9
верить: 8
соответствующий: 6 6
страна: 0 5 5 6 6 6 6 6 6 8
регулятор: 8 8
сфера: 0 6
приниматься: 6
печально: 8
римлянин: 0
котировка: 8 8
своровать: 8
рост: 5 6 6 8 8 8
потовой: 2
название: 4 5
сторона: 0 2 3 4 6 6 6 6 8 8
вы: 0 1 2 3 4 5 6 7 8 9
общий: 0 3 3 3 4 6 8 8
крепкий: 8
технология: 6 6 6 6 6
адрес: 8
гонконг: 6 8
чувствовать: 2 6 8
государство: 0 0 6 6 6
мир: 0 0 0 6 6
инвестиция: 1 4 6 6 8 8
финансирование: 4 6
слишком: 6
убедить: 6
нюанс: 0 4 4
нездоровый: 2
кодировать: 0
предоставление: 4 8
политика: 6 6
регулярный: 0 0 8
итальянский: 0
покупатель: 6 6 6
чип: 6
правда: 8 8
услышать: 5 5
участок: 2 6
приложить: 4
стратегический: 6
проявить: 6 6
пекин: 6 6 6
происхождение: 6
фирма: 0 6 6 8 8 8
третьесортный: 8
касательно: 4
договор: 4 6 6 6 6
созревание: 2
тихо: 6
вызвать: 4 6
идти: 4 5 5 6 8
биткоин: 8
состав: 0 8 8
проверять: 0 4 4 4
школа: 0 0 1 1 2 2 3 3 4 4 5 5 6 6 7 7 8 8 9 9
каждый: 0 6 8
полный: 0 4 4 6
обтекаемый: 8 8
оставить: 2 4
похоже: 6
проходить: 4 6
сибирь: 6
товар: 0 6 6
европа: 0 0 0 6 6
третий: 0 4 6 8
давать: 4 4 6 8 8 8
весь: 0 0 2 3 4 4 5 5 6 6 6 8
человек: 0 0 0 1 1 2 3 4 4 5 5 5 6 6 6 7 8 8 9
периодически: 8
нужно: 0 3 5 6
первый: 0 0 0 0 4 4 6 8 8 8
правительство: 0 6
крым: 6 6
оцифровать: 0 1 2 3 4 5 6 7 8 9
номад: 8
профессионал: 8
кирилл: 0 1 2 3 4 5 6 7 8 9
работать: 0 2 4 4 4 6 6 6 6 6 8 8 8 8
путин: 6 6
номинал: 8 8
палка: 0 0 0
кредит: 0 0 1 2 3 4 4 5 6 7 8 9
банк: 1 4 4 4 4 8 8 8 8 8 8 8 8
обеспечивать: 6 8
приобретать: 6
готовый: 0 1 2 3 3 4 5 6 6 7 8 8 9
сотня: 4 4
отодвинуть: 6
осилить: 5
простой: 0 0
вашингтон: 6
включая: 8
бывший: 0 1 2 3 4 5 6 6 7 8 9
похитить: 8
судебный: 8
поставляться: 6 6
мужской: 2 2 2 2 2
потоотделение: 2
классический: 0 8
машинка: 0
важный: 3 5 6 6 8
разный: 0 2 3 8
закон: 0 6 6 8
шпионаж: 6
совет: 6
надёжный: 8 8 8
мысль: 4 5
механизм: 8
захват: 6
голова: 5 6
требование: 4 6
железо: 3
физик: 4
подешеветь: 8
негативный: 6 8 8
категория: 0
получить: 0 1 1 2 3 4 4 4 4 5 5 6 7 8 8 9
вакансия: 0 1 2 3 4 6 7 8 9
включать: 5
новый: 0 0 0 0 0 0 1 1 1 1 2 2 2 2 3 3 3 3 4 4 4 4 4 5 5 5 5 5 6 6 6 6 6 6 7 7 7 7 8 8 8 8 8 9 9 9 9
получаться: 0 5
усвоить: 6
криптобиржа: 8 8
примерно: 0 2 5 6 8
кератин: 2
сервис: 0 0 0 1 1 2 2 3 3 4 4 5 5 6 6 7 7 8 8 9 9
огласка: 4
крипта: 8 8 8
юрисдикция: 8
долговой: 8 8
доход: 0 4 4 4 5 6 8
экосистема: 0 0
копирование: 3 6
безумный: 4
дважды: 6
увеличить: 0 6 6
поток: 3
фиксировать: 4
феодальный: 0
намерить: 6
смочь: 0 4 4 4 4 6 8 8
тысяча: 0 0 4 8 8
различие: 2 2 6
дело: 0 4 4 6 6 6 8 8 8
привязать: 8 8
текст: 5 8
больший: 0 0 2 2 2 6 6 8 8 8
фактор: 3 6
учреждение: 6 6
базовый: 6 8
претендовать: 8
ставить: 6
отметить: 4
полноценный: 8 8
существо: 2
точнее: 5
остаться: 1 4 4 6 8 8 8
поверить: 4
начисляться: 1
полезный: 5
развернуть: 1 5 7
бежать: 3
изначально: 6
сказать: 4 4 5 5 5 6 8
злоупотребление: 6
преобладание: 2
реальность: 0 1 2 3 4 5 6 7 8 8 9
положение: 6 6
разобраться: 4 4 4
подписываться: 8
товарооборот: 6
система: 0 4 5 6 6 8
отпускной: 0
верифицировать: 8
программа: 0 0 0 0 0
пуш: 4
турецкий: 0 1 2 3 4 5 6 7 8 9
рекордный: 6
ценный: 5 6 6 8
российский: 6 6 6 6 6 6 6 6 6 6
пара: 0 4 8 8
таковой: 5
осуществлять: 8
личный: 5 8
гигант: 0 8
дата: 8
позволять: 0 6 8 8
никакой: 4 4 4 4 5 5 6 6 8
гемоглобин: 2
посыл: 4 5
постоянный: 2 5
вновь: 4
помогать: 0 0 1 1 2 2 3 3 4 4 5 5 6 6 7 7 8 8 9 9
переводить: 4 4 4 8 8
порядок: 1 8
эквадор: 6
иметься: 8 8 8
субъект: 6
делать: 0 0 1 1 2 2 3 3 4 4 5 5 6 7 8 8 8 8 9
насколько: 5 8
фиатный: 8 8
читатель: 4
поручить: 6
причём: 2 4
атака: 8
публично: 6
уверенно: 0 1 2 3 4 5 6 7 8 9
бот: 1
дефолт: 1 1
ой: 1 4
партнёр: 6 6 6 6
коиновый: 8
причина: 2 4 4 5
весна: 6
лежать: 1 5 6 8 8
второй: 4 4 8
перевернуть: 5
электронный: 0
подходить: 0 1 2 3 4 5 6 6 7 8 8 9
знать: 0 1 2 3 4 4 5 5 6 6 7 8 8 8 9
принять: 4 4 4 5 6
показывать: 0 6 8
мы: 0 3 8
убыток: 6
попутно: 0 6
необратимый: 5
понимать: 4 5 5 6 8 8
раб: 0
родиться: 5
прочтение: 8
ответить: 1 4 4 4 4 5 7
креативный: 8
продажа: 0 6 6 8
двусторонний: 6 6
даркнуть: 0 1 2 3 4 5 6 7 8 9
эпидермис: 2 2
закрывать: 4
решение: 0 3 3 3 4 4 4 5 6
будущее: 4 6
дощечка: 0 0
вести: 0 8
быстрый: 0 1 2 3 4 5 6 6 7 8 8 9
равняться: 8
путать: 0 8
получиться: 4 5
приносить: 4 5
точность: 0
срок: 1 4 8 8
пекарный: 6
бухгалтер: 0 0 8
честно: 8
треть: 8 8
май: 6
терроризм: 4
думать: 1 5 6
криптоэнтузиаст: 8
пк: 0
выводить: 0
совершать: 4 6
печальный: 6
александр: 1 5 7
коучинга: 5
чувствительность: 2
якорь: 8
похожий: 8
звонить: 4 4 4
покрыть: 0 8
оплата: 1 8
цифровой: 8 8
жизнь: 2 4 5 5
израсходовать: 4
понятно: 4 6 8
считать: 0 0 1 2 3 4 4 5 5 6 6 6 7 8 9
армия: 0 6
последствие: 6
женщина: 2 2 2
мнение: 6 6
содержание: 5
газопровод: 6 6
отказываться: 4 4
год: 0 0 0 0 1 1 1 2 2 2 2 2 3 3 3 4 4 4 4 4 5 5 5 5 5 6 6 6 6 6 6 7 7 7 8 8 8 8 8 9 9 9
рандомный: 4
идеология: 6
безотзывный: 8
объём: 6 8 8
кайфовать: 5
ты: 4 5
скрипт: 4
определяться: 8
деньга: 1 3 4 4 4 5 6 8 8
произойти: 8
существенный: 8 8
определить: 0 1 2 3 4 5 6 7 8 9
связаться: 4 4 4 4 8
статистика: 0
никита: 0 1 2 3 4 5 6 7 8 9
достаточно: 4 6 8
внешность: 2
клювик: 8
тяжело: 5
россия: 0 1 2 3 4 5 6 6 6 6 7 8 9
сверяться: 0
соответственно: 6
переговоры: 6
отдать: 8 8
интенсивно: 2
беседа: 0 1 2 3 4 5 6 7 8 9
разместить: 0 1 2 3 4 6 7 8 8 8 9
обслуживать: 1 8
заместить: 6
герман: 0
поддержка: 4 4 6 6
культура: 6
действовать: 0 1 2 3 4 5 5 6 7 8 9
обрабатывать: 0 6
ограничение: 4 4 4 4 4 6 6
сми: 6
рублёвый: 1
хронологический: 0
доверять: 4 8
отвечать: 0 2 4 5
инопланетный: 2
возглавлять: 6
биржа: 8 8
стать: 0 0 0 1 2 3 4 5 5 6 6 6 6 6 6 6 7 8 8 8 8 8 9
шкала: 8
приличный: 8 8
европейский: 0 6 6 8
сюда: 4
ощутить: 5 6
путём: 4
сильно: 4 6 8
опережать: 6
транзакция: 6
полагать: 6
декларировать: 6 6
мой: 0 1 2 3 4 4 4 4 4 4 5 6 7 8 9
финансист: 8
маленький: 0 0 1 2 2 3 4 4 5 6 6 6 7 8 8 9
фз: 4
маловероятный: 3
выплата: 0 0
другой: 0 0 0 1 1 2 2 3 3 4 4 4 5 5 6 6 6 6 7 7 8 8 8 8 8 9 9
приходить: 4 4 6 8
активный: 8
желание: 8
непонятно: 4
тыс: 4
который: 0 0 0 0 0 0 0 0 0 1 1 1 1 2 2 2 3 3 3 4 4 4 4 4 4 5 5 5 5 5 5 5 5 5 6 6 6 6 6 6 7 7 7 8 8 8 8 8 8 8 9 9 9
пройти: 0 1 1 2 3 4 4 5 6 7 8 8 9
абсолютно: 4
вырезка: 6
заголовок: 4 5 5
импортировать: 6 6
явно: 6
стандарт: 8
снять: 4 4
минцифра: 0 1 2 3 4 5 6 7 8 9
возможность: 0 0 1 1 2 2 3 3 4 4 4 4 5 5 6 6 7 7 8 8 8 8 9 9
пытаться: 4 5 6 8 8
заботиться: 5
диктовать: 6
волшебный: 3
ихтиандра: 1
потенциал: 5 6
выражение: 6
большой: 0 0 1 1 2 2 3 3 3 4 4 4 5 5 6 6 6 6 7 7 8 8 9 9
успех: 0 8
термин: 8
писатель: 2
объявить: 0 1 2 3 4 5 6 6 7 8 8 9
аудит: 8 8 8
заводить: 8
напечатать: 8
изменение: 2 6 6
сила: 0 6 6
независимый: 6 8 8
сессия: 5
гектар: 6
запросить: 4
многий: 4 5 6
дипломатический: 6
стабилизироваться: 8
суть: 0 3 4 6 8
международный: 6 6
советский: 6
панамский: 8
агрегатор: 0 1 2 3 4 5 6 7 8 9
пустой: 5
бразилия: 6 6
структура: 1
приводить: 2 6
указывать: 0 6
сбыт: 6
мутный: 8 8
переставать: 8
управление: 0 1 2 3 4 5 6 6 7 8 9
донасытить: 3
статья: 0 1 2 3 4 4 4 5 5 5 5 6 6 7 8 8 8 8 9
менталитет: 5 5
депозит: 1 8 8 8
решать: 0 0 1 2 3 4 5 6 7 8 8 9
женский: 2 2
вероятный: 6
стейблкоина: 8 8 8
снабжать: 6
приложение: 4 4
попытка: 4 6 8 8
пивоваренный: 0 1 2 3 4 5 6 7 8 9
время: 0 1 2 3 4 4 5 6 6 6 6 7 8 8 9
соединить: 6
обитание: 6
распределяться: 8
предлагать: 0 1 2 3 4 4 5 6 7 8 9
превращаться: 0 6
писать: 0 1 2 3 4 4 4 8 8
обращение: 4 4 4 4 4 4 8 8
капитал: 0 8 8
удаваться: 8
долгожданный: 0 1 2 3 4 5 6 7 8 9
кремль: 6
берег: 6
смертельный: 6
корея: 6 6
империя: 0
древний: 0 0 0
помарка: 0
карьера: 8
санкцийсобирать: 3
настоящий: 0 5 6 8 8 8 8
табличка: 0 0
право: 4 4 6 8
кстати: 8
банковский: 0 0 4 5 8
алгоритм: 3 4
зависеть: 4 6
жаль: 5
нанимать: 0 1 2 3 4 5 6 7 8 9
дурак: 5
криптомир: 8
план: 0 0 1 2 3 4 5 6 7 8 8 9
отображаться: 4
приоритет: 4 6 6
ведение: 0 0 6
комлевый: 0 1 2 3 4 5 6 7 8 9
союз: 6 6
чэнь: 6
жёсткий: 6 6
шемет: 1
актив: 0 6 8 8 8 8 8
отбросить: 0
продать: 0 0 1 2 3 4 5 6 7 8 8 9
платёж: 0 4 4 6
государственный: 0 6 6 8
разрядиться: 4
строиться: 6
китаевед: 6
выдавать: 8
говорить: 4 4 5 6 8
экономический: 0 0 1 1 2 2 3 3 4 4 5 5 6 6 6 6 6 7 7 8 8 9 9
возникать: 8 8
смотреть: 3 5 8 8 8
течение: 4
политический: 6 6 6 6 6 6
сценарий: 8 8
опасение: 6
обслуживание: 4
хотеть: 4 4 5 5 5 5 6 8 8
магазин: 4
снятие: 1 4
заря: 8
население: 0 0
заверить: 4
боль: 2 6
зритель: 0 1 2 3 4 5 6 7 8 9
строить: 6
донбасс: 6
лишать: 6
призвание: 5 5
информация: 0 3 4 4 4 5 6 6 6 8
час: 0 0 1 1 2 2 3 3 4 4 5 5 6 6 7 7 8 8 9 9
документально: 8
выгодный: 4 6 8
воздерживаться: 6
кожа: 2 2 2 2
принимать: 4 4 6 8
воспитанный: 5
авиационный: 6
условие: 5 5 6 6 8 8
приз: 8
сырьё: 6 6
рассчитать: 0
удача: 5
активность: 4 6
эксперт: 0 0 1 1 2 2 3 3 4 4 5 5 6 6 6 7 7 8 8 9 9
составить: 0 1 2 3 4 4 5 6 6 7 8 9
какой: 1 3 3 4 6 8 8 8 8
месяц: 0 0 1 1 1 2 3 4 4 5 6 6 7 8 8 8 9
хакерский: 8
снова: 0 1 2 3 4 5 6 7 8 9
тёмный: 2
воск: 0
мошенник: 4
дорога: 5 6
межбанковский: 6
превысить: 1
знание: 6
зачастую: 8
углубление: 0
фраза: 5
жирность: 2
пометка: 8
десяток: 4
аппарат: 6
алла: 5
чувство: 5 5
предпринять: 6
понятный: 8
воодушевлять: 8
написать: 1 2 4 5 5 7 9
столь: 0
рн: 2
класть: 8 8
аж: 8
случай: 4 5 8 8
сожаление: 4
отнести: 1
успешно: 4
разбирательство: 4 8
встреча: 6 6
запрашивать: 4 4 4
отличаться: 2
наличный: 4
абьюзер: 5
сокращаться: 8
сюрприз: 8
добиться: 0 6
индивидуальный: 6 6
хирург: 8
необходимо: 5
купить: 0 0 1 4 6 8 8
содержаться: 6
осознавать: 5 5
уведомление: 4 4
действительно: 5 8
питерский: 0 1 2 3 4 5 6 7 8 9
ставка: 0 1 2 3 4 5 6 7 8 8 9
поступать: 4
долго: 3
понадобиться: 0
деталь: 4 8
дерматит: 2
решаться: 4
состояние: 0 6
число: 2 6
трудность: 8
особо: 6 8
авить: 0 1 2 3 4 5 6 7 8 9
противоракетный: 6
установленный: 4
действительный: 6
оказаться: 0 1 2 3 4 5 5 6 6 6 7 8 8 8 9
начало: 0 0 1 2 3 4 5 6 7 8 9
небольшой: 0 6 6
предотвратить: 8
описать: 4 5
близкий: 4 4 5 8
письменный: 8
процент: 0 1 3 4
неоднозначность: 6
экспортный: 6
занимать: 6
побыть: 5
рассказывать: 0 0 1 1 2 2 3 3 4 4 5 5 6 6 7 7 8 8 9 9
сильный: 6 6
подзаморозить: 8
монотонный: 0
оценка: 3 3
полый: 0
мочь: 0 0 0 1 1 3 4 4 4 4 5 6 6 8 8 8 8
помочь: 0 1 2 3 3 4 4 5 6 7 8 8 9
обогатиться: 8
стриминговый: 0 1 2 3 4 5 6 7 8 9
сам: 0 4 4 4 4 5 5 6 8 8
резко: 8
возврат: 8
потрясти: 6
аналитика: 0 1 2 3 4 5 6 7 8 9
использование: 6 6 8
хачатряна: 5
подстёгивать: 8
протяжение: 2
меланин: 2
нога: 5
лицо: 2 6 6 8
представить: 0 6 6
выше: 8
отель: 0 1 2 3 4 5 6 7 8 9
свыше: 4
поражать: 0
иван: 1
нелинейный: 1
экспансия: 6
собственно: 8
провозгласить: 6 6 6
подписка: 4 5 5
соображение: 6
серьёзно: 6
менеджер: 6
профиль: 6 7
военный: 6 6 6 6 6
саппорт: 4 4
несколько: 0 0 4 4 5 8
подушка: 1
психология: 2
основной: 6 6
основа: 4 5 6
основать: 0
производитель: 6
контракт: 6 6 8
пассив: 0
счёт: 4 4 4 4 4 8 8
контур: 0 0
переживать: 4 6
доллар: 6 8 8 8 8 8
момент: 0 1 2 3 3 4 5 5 6 6 7 8 8 8 8 8 9
спешно: 8
подозрение: 4 8
прокуратура: 8 8 8
спасть: 4
соперничество: 6
показать: 0 1 2 3 4 6 7 8 9
сходить: 4 5
манкевич: 6
ошибка: 0 4 4 4 6
заморозить: 1 1 1 6 8 8
последний: 1 4 4 6 6 6 8
рада: 4
поделиться: 0 1 2 3 3 4 5 6 7 8 9
оплатить: 4
довериться: 4
зарабатывать: 8
всеобщий: 8
выбрать: 4 5
пора: 1 2 4 6
недвижимость: 8
вид: 8
проблема: 0 1 2 2 2 3 4 4 5 5 5 6 6 7 8 8 8 9
внешнеторговый: 6
глина: 0
разрушить: 4
токен: 8 8 8 8
уметь: 5 5
среднее: 2 6
предлог: 6
эволюционировать: 0
помимо: 0 1 2 3 4 5 6 7 8 9
китаец: 6 6 8 8 8
создание: 0
потерять: 0 1 2 3 4 4 5 6 6 6 7 8 9
материал: 0 1 2 3 4 5 6 6 7 8 9
нигде: 4 8
столбец: 3
кость: 0 0
компания: 0 0 1 2 3 4 5 6 6 6 6 6 7 8 8 8 9
оператор: 0 0 1 1 2 2 3 3 4 4 5 5 6 6 7 7 8 8 9 9
наличные: 4
встретить: 0
соблюдение: 4
данные: 1 6
банкротство: 7 8
повысить: 4 4 6 8
главный: 0 1 2 3 4 5 5 6 6 6 7 8 9
оперативно: 6
миллиард: 6 8 8 8 8
сериал: 0 1 2 3 4 5 6 7 8 9
следующий: 4 8 8 8 8
насаживать: 0
отношение: 6 6 6 6 8
целое: 5 6
возмущение: 6
греция: 0
владимир: 6
кондитерский: 6
направление: 5 6 6
компонент: 6
размер: 8 8 8
кран: 0 1 2 3 4 5 6 7 8 9
допустимый: 6 8
находиться: 2 6 6 8
награда: 8
молчать: 4
решить: 4 4 6 6 8
самодостаточность: 6
друг: 0 0 4 4 6
слой: 2 5
щека: 2
допускать: 0
владеть: 4 8
вчера: 0 1 2 3 4 5 6 7 8 9
чат: 4 4
записулька: 8
собственный: 0 4 6 6 8
лес: 6
торговый: 6 6 6
примитивный: 0
контекст: 3
возможно: 0 4 6 8
соответствовать: 5 8 8
проект: 0 1 2 3 4 5 6 6 6 7 8 9
разочарование: 6
событие: 6 8 8 8
заболевание: 2 6
повториться: 4
взгляд: 6 6 6
старший: 4 4
самый: 0 1 2 3 3 4 4 5 5 5 6 7 8 8 8 8 8 8 9
папирус: 0 0
обратить: 8
н: 0 8
столкнуться: 4 4 6 6 6
вкладчик: 8
трансграничный: 6
нереальный: 6
частное: 6
глава: 6
попробовать: 8
потратить: 6
заключительный: 8
исправить: 0 4
перечислять: 0
оружие: 6 6
персональный: 0
уголок: 0 0
концепция: 6 6
такой: 2 2 4 4 4 5 5 6 6 6 6 8 8 8
ущерб: 6
рубль: 1 1 4 4
послать: 0
впадать: 6
установить: 0 0 4 4
понять: 4 8
поставка: 6 6
коробка: 6
простить: 8
головной: 6
колдунство: 8
китайский: 0 6 6 6 6 6 6 6 6 6 6 8
тот: 0 6 6 6 8 8 8
вмешательство: 6
контора: 8
заявить: 6
нынешний: 6 6 6 6 8
сверхнадёжный: 8 8
технологический: 6 6 6 6
глиняный: 0 0 0
нести: 5 6
иной: 6 6 8
они: 0 4 6 8
вложить: 1 8 8 8 8
собраться: 3 4 8
услуга: 4 6
серия: 5 8
западный: 6 6 6 6 8
знакомый: 4 8 8
толща: 2
раскрывать: 5 8
неизвестный: 8
железный: 6
садиться: 3
крах: 8 8
участник: 8 8
выглядеть: 8 8
сша: 0 6 8
сообщение: 4 4 4 6
торговать: 4 6
грек: 0
интересно: 6
жирный: 2
служба: 4 4 4 4
германия: 6 6 6
сотрудничество: 6 6 6 6
дырявый: 8
гордо: 8
посмотреть: 4 4 8
принцип: 5 6 8
корпоративный: 8
следствие: 8
геоэкономика: 6
конкретный: 0 5
пусть: 1 4
выпускать: 8
ёж: 2
девальвация: 8
заниматься: 0 5 8
пробивать: 0
взяться: 4
козырь: 6
предугадать: 6
относиться: 4 6 6
вывод: 4 6 8 8
специализировать: 0
отмывание: 4 4 4 8
дом: 5
народ: 6
внимание: 8
широкий: 6 8
вправе: 6
надежда: 4 6 8
два: 0 1 2 3 4 4 4 5 6 6 6 7 8 9
подход: 6 8
немало: 0
орган: 8
клиент: 0 0 1 2 3 4 4 4 4 4 5 5 6 7 8 8 8 8 9
начать: 0 6 6
оставаться: 0 6 6 8
видеть: 1 4 8
неизбежный: 1 6 8
комментарий: 1 1 2 2 2 4 5 5 7 9 9 9
фильм: 0 0 1 1 2 2 3 3 4 4 5 5 6 6 7 7 8 8 9 9
ловко: 5
фигня: 3
аккаунт: 1
ежегодный: 6
ум: 6
сбережение: 8
официальный: 0 4 6 8
объяснить: 6
лидер: 1 6 6 8
надёжность: 8 8
цзиньпин: 6
ядохимикат: 6
проекция: 5
период: 2 6 6
иностранный: 6 6
озвучивать: 4
телефон: 4 6
критичный: 8
предполагать: 6
обед: 4
компенсация: 4 4 4
письменно: 4
промышленность: 6
табак: 6
шесть: 0 1 2 3 4 5 6 7 8 9
осознание: 5 5
атлантический: 6
оформлять: 5 8
главное: 0 1 2 3 4 5 6 7 8 9
приостановить: 4
вместе: 4 5 6
макроуровень: 6
это: 0 1 2 3 4 4 5 5 6 6 7 8 8 9
проваливать: 4
тема: 4
завершение: 6
тапка: 8
строгий: 4
э: 0
себя: 4
работа: 0 0 1 2 3 3 4 5 5 5 6 7 8 9
кошелёк: 8
принадлежать: 8
популярный: 0 1 2 3 4 5 6 7 8 8 8 9
аудитор: 0
гормон: 2 2 2
нефть: 6
прям: 5
фантазия: 8
убедиться: 4
вообще: 4 5 8
перекос: 5
подмножество: 8
будущий: 8
множество: 4
бумажный: 8
рогов: 2
правоохранительный: 8
полечить: 5
публичный: 0 4
минимум: 4 8
свет: 5
узнать: 0 4 6 6
запрет: 6
непонятный: 8
проявляться: 2
распоряжаться: 4
пароль: 8
рубен: 0 1 2 3 4 5 6 7 8 9
сократить: 0 1 2 3 4 5 6 6 7 8 9
расчёт: 0
планировать: 4 6
драгоценный: 8
баланс: 2 8 8
посвятить: 8 8
таблица: 0 0 3 3 3
урожай: 0
свежеть: 0
доп: 3
добавить: 6
осознанный: 0 1 2 3 4 5 6 7 8 9
оон: 6
научиться: 5
старый: 8
книга: 0 0
пилюля: 3
железа: 2 2
индустриальный: 0
войти: 0 6
центробанк: 4 4
арестовать: 6 8
расценить: 6
обсуждать: 0 1 2 3 4 4 5 6 7 8 9
гость: 4
продолжать: 0 0 1 2 3 4 5 6 6 6 7 8 9
интеграция: 0 1 2 3 4 5 6 7 8 9
виноватый: 4 5 5
демократия: 6
линия: 0 4 4 6
икс: 8
энергоресурсы: 6
вокруг: 8
американский: 2 6 6 6 6
раздражающий: 6
онлайн: 6
изображать: 0
неприятный: 5 6 6
ограниченный: 8
техника: 6
информационный: 3 6
запоминать: 0
потаскаться: 8
цитата: 4
наиболее: 8
действие: 4 5 6 6
благодаря: 6
полнота: 6
сторонник: 6 6
зависимый: 6
идея: 8
напрягаться: 8
минимально: 8
объяснение: 4
минеральный: 6
манера: 6
встречаться: 2
ложь: 8
потеря: 3 3 8
предел: 6
почикать: 8
скупать: 8
организм: 2
доступ: 6
бланк: 0 1 2 3 4 5 6 7 8 9
восемьдесят: 0
сортировать: 0
растительный: 6
поворот: 6
джанкарло: 8
указать: 5
бесплатный: 7
раскалывать: 0
виктория: 0 1 2 3 4 5 6 7 8 9
счастливый: 5
перестроить: 0 1 2 3 4 5 6 7 8 9
граница: 6 6 8
дальний: 6 6
многое: 0 1 2 3 4 5 5 6 7 8 9
приемлемый: 6
отверстие: 0
сохраняться: 2
труд: 6
перечисление: 8
чинаровый: 9
ваш: 1 3 4 4 5 5
автомобиль: 6
сбер: 1 1
пользоваться: 0 0 0 0 4 4
мужчина: 2 2 2
подделать: 8
фишка: 0 1 2 3 4 5 6 7 8 9
вещь: 0 1 2 3 4 5 6 7 8 9
липски: 6
напиток: 6
евразийский: 6 6
резина: 6
процесс: 0 1 2 3 4 5 5 5 5 5 6 6 6 7 8 9
гораздо: 0 2 4 6 8
хотеться: 6 8
горячий: 4
часть: 3 6 8 8
устойчивый: 6 6 8
джош: 6
опережение: 0
закупать: 6
укрупняться: 0
белый: 4
беспокойство: 6
заменить: 6
задача: 0 0 5
обязательство: 8 8 8
вдобавок: 8
благо: 8
входить: 8
воспитание: 5
известный: 6 8 8 8
реализация: 3
стараться: 6
разобрать: 8
почему: 4 5 6 8
избежать: 8
экспорт: 6 6
проанализировать: 8
поисследовать: 5
корректность: 8
погасить: 4 8
отрасль: 6 8
сыск: 8
единственный: 1 4 6
высокий: 3 6 6 8
рюмин: 1
пересмотреть: 6
плохо: 5 6
прошедший: 4
выход: 3
сколково: 0 1 2 3 4 5 6 7 8 9
нравиться: 5
ликвидировать: 8
занизить: 8
продвинуть: 0 8
поставщик: 0 6 6
бесконечный: 5
начинать: 0 1 2 2 3 4 5 5 6 7 8 8 9
зарплата: 0 0 0 4 4 5
апатия: 5
вода: 6
закрытый: 4
стоимость: 6 8 8
огромный: 0
балл: 3 3 3
некоторый: 0 4 6 6 6 8
засечка: 0 0
установка: 6
июнь: 6
пользователь: 0 0 1 2 3 4 5 6 7 8 9
напоминать: 6
регистрироваться: 8
открыть: 4
спойлер: 0 1 2 3 4 5 6 7 8 9
сообщать: 4 4 4
фин: 3
переосмысление: 6
бухучёт: 0
справка: 4
привести: 0 4 8
моментально: 0
репутация: 4 8
нужный: 0 8
краткосрочный: 8
упоминать: 6 8
современный: 0 6
звр: 6
коммуникация: 4 4 8
топ: 0 0 1 1 2 2 3 3 4 4 5 5 6 6 7 7 8 8 9 9
удовольствие: 5 5 5
тонкий: 6
жаба: 8
чужой: 8
несмотря: 6
перевести: 4 4 8
средневековье: 0
копировать: 6
финансы: 6 8 8
надеяться: 4 6 8
недоговаривать: 4
зависнуть: 4
температура: 2
отдельный: 0 2 6 8 8
энергетический: 6 6
территориальный: 6
особенно: 4 5 6 8
перековываться: 8
токсичный: 6
личностный: 5
впервые: 6
оттолкнуться: 3
ежеквартальный: 8
задуматься: 8
расти: 0 1 2 3 4 5 6 6 7 8 8 9
урука: 0
нарушать: 6
дебетовый: 4
осторожный: 6
учитывать: 0 0 6
сухой: 2
минимальный: 4 8
идиот: 1
бумажка: 8
реальный: 4
день: 4 4 4 5 6
юридически: 6
портфель: 8 8
прозрачный: 4
неограниченный: 8
функционировать: 8
соотношение: 6
контролировать: 8
сутки: 4
наказывать: 6
этот: 2 4 4 5 6 8 8 8
гарантировать: 6 8
заключение: 5 6 8 8
скреплять: 0
что: 5
остальной: 4 8
коллагеновый: 2
перепись: 0
терминал: 4
древность: 0
схема: 4
появляться: 0 8
заём: 8
отмечать: 6 6
сложиться: 6
выяснить: 6
сотрудник: 4 4 4
пять: 6 6
хватить: 0 1 2 3 4 5 6 7 8 9
забрать: 1 5
карточка: 0 0
прогореть: 1
ровно: 6 8
смартфон: 0 1 2 3 4 5 6 7 8 9
эффективный: 0 1 2 3 4 5 6 7 8 9
развитие: 0 6 6 8
правитель: 0
выстроиться: 8
буклемишев: 6
передать: 8
упрощение: 0
обострение: 6
торговля: 0 6 6
асимметричный: 6
статус: 8
рекомендовать: 8
приёмный: 4
отзыв: 4
знаковый: 6
прохождение: 6
взаимоотношение: 8
слышать: 5 8
кейс: 0 1 2 3 4 4 5 6 7 8 9
замена: 6
холлерит: 0
венера: 2
поймать: 8
желать: 8
совпадать: 0
различный: 6
толкать: 8
затрагиваться: 3
необходимость: 0
делить: 0 3
москва: 6 6 6 6
трейдер: 8
сочувствовать: 4
задаваться: 6
появиться: 0 0 0 4
доска: 0
выгода: 6
напрямую: 8
одолжить: 8
подготовка: 6
рассчитывать: 6
достать: 8
денежка: 1
серьёзный: 4 6 8
распродать: 8
предстоять: 8
суверенитет: 6
перепробовать: 0
мобильный: 0 0 1 1 2 2 3 3 4 4 5 5 6 6 6 7 7 8 8 9 9
себорейный: 2
диапазон: 8
держатель: 8 8
инфляция: 1
прошлое: 6
сальный: 2
результат: 0 5 6 6 6 8
вечный: 6
буквально: 8
громоздкий: 0
точно: 0 4 5 8
центр: 0 1 2 3 4 5 6 7 8 9
объявление: 6
сто: 0 0 3
целлофановый: 6
недоступный: 1
связываться: 1 4
внести: 4 6
обстоятельство: 6 8
обеспечить: 6 8
говориться: 5
рад: 4
полгода: 0 4
гипотетический: 8
каменный: 0
повод: 5 6 8
глубоко: 8
привязка: 5 8 8
публиковать: 8 8
семья: 0 5
кво: 8
запад: 6 6 8
бухгалтерия: 0
бумага: 0 0 6 6 8 8
осуществляться: 8
призывать: 6
карта: 0 1 2 3 3 3 4 4 5 5 6 7 8 9
провести: 4
окончательный: 4 6
окончание: 8
предприимчивый: 8
воспользоваться: 0 1 2 3 4 4 5 6 7 8 9
энергетика: 6
прислать: 0 4
ближневосточный: 0
блокировка: 4 4 4 4
чей: 5
поле: 0 0
осмотрительность: 6 6
запустить: 0 0 1 2 3 4 5 6 7 8 9
дойти: 0 5
вдоль: 0
лид: 3
начинаться: 2
рассмотреть: 8
построить: 6
сумма: 0 3 4 4 6 8 8 8
психолог: 5
безвыходный: 6
пропагандист: 1
участие: 6 8
вклад: 1 1 1 4
ярослав: 1
происходить: 5 8
подождать: 0
хранить: 0 1 8
возраст: 2 2
финляндия: 6
выпустить: 0 8 8
фактически: 0 4
пластический: 8
импортироваться: 6
среди: 0 1 2 3 4 5 6 7 8 9
бангладеш: 6
камешек: 0
удивить: 4 6
продолжиться: 6
общаться: 4
ресурс: 6 6 6
проводить: 0
десятка: 4 6 6 8 8 8
китай: 6 6 6 6 6
талант: 0 1 2 3 4 5 6 7 8 9
выбор: 0 1 2 3 4 5 6 7 8 8 9
проходимец: 8
сладкий: 6
дозвониться: 4
коммент: 4 4
максимович: 8
стабильный: 5
тысячелетие: 0 0
накопительный: 4
смысл: 1 5 8
компьютер: 0 0 6
монополист: 6
клиентка: 0 1 2 3 4 5 6 7 8 9
назвать: 4
переход: 8
успеть: 0 0 1 2 3 4 5 6 7 8 8 9
сон: 5
ломануль: 8
подобный: 0 4 4 4 4 8
ведущий: 6
связь: 0 1 2 3 3 4 5 5 6 7 8 9
прийтись: 0 4
древесина: 6
си: 6
жёстко: 8
прибор: 0
заявление: 6 8
обеспокоенность: 6
хрустеть: 8 8
погашение: 8 8 8
пропустить: 8
источник: 4 6 6
сменить: 4
выполняться: 8
сложнопредсказовать: 8
процитировать: 8
против: 6
создавать: 6 6
хиленький: 8
цифра: 4
видно: 8
унилатерализм: 6
вьетнам: 6
отправить: 8
взаимодополняющий: 6
костяной: 0
уильям: 0
извинение: 4
путешествовать: 6
многие: 0 4 5 6 8
павел: 1
суммировать: 0
наработка: 6
обязательно: 4 8
опираться: 6
доходность: 8
страдать: 2 2
зуб: 2
голосование: 6
достигать: 6
ответ: 4 4 8
очень: 2 3 4 5 6 8
основное: 4 6 8
приоритезировать: 3
палец: 0
гиперболизация: 5
облигация: 8 8 8
практически: 5
уволить: 1
рекомендация: 6 6
октябрь: 8
жаловаться: 6
море: 6
оценить: 8
перемещение: 8
обучать: 0
упавший: 8
подбородок: 2
поздний: 4
старинка: 0
продлять: 1
стейблкоин: 8
гегемония: 6
немного: 6 8
одежда: 0 1 2 3 4 5 6 7 8 9
критиковать: 5
уклонение: 6
полностью: 4 8
компромисс: 6
вынудить: 6 6
плюс: 5
положить: 1 8
центральный: 6
ура: 0
значит: 4 8
телеграмма: 6
предупреждение: 4
человечество: 0
рецидив: 6
татьяна: 4
вычисление: 0 0
профессиональный: 8 8
оговорка: 8
поделать: 4
конкурент: 6
председатель: 6
читать: 1 2 5 5 7 8 9
падать: 8
принятие: 6
осуждение: 6
замаскированный: 6
отрывок: 0 1 2 3 4 5 6 7 8 9
подумать: 5 5 5
издевательский: 4
интресный: 5
ошибочный: 0
достоверность: 6
изменить: 0 1 2 3 4 5 6 6 6 7 8 9
признаваться: 5
зрение: 4
прийти: 4 6 6 8
консолидированный: 8
свод: 0
бизнес: 0 0 1 1 2 2 3 3 4 4 5 5 6 6 7 7 8 8 9 9
свободный: 4
динамика: 8
содержать: 6
неминуемый: 8
доверить: 0
академический: 6
однако: 2 6 8
понимание: 4
инвестор: 6 6 6
влияние: 6 6
спрос: 6 8 8
любой: 1 4 6 6 6 8 8
повыситься: 6
бешенной: 3
наверное: 4 8
остро: 8
корпорация: 0
максимально: 4
металл: 6 8
перевешивать: 6
ранний: 0 8
посредник: 8
вкладывать: 8
ситуация: 3 4 4 6 6 6 8 8
дыра: 4
составлять: 0 2 4 6 8 8
истребование: 8
арбитраж: 8
вероятно: 8
инвесткопилка: 4 4
выпуск: 0 0 1 1 2 2 3 3 4 4 5 5 6 6 7 7 8 8 9 9
машинотехнический: 6
ломиться: 8
тенденция: 6
фабрика: 6
ключевой: 0 1 2 3 4 4 5 6 7 8 9
неразрывно: 5
налом: 4
вексель: 8 8
реконструкция: 0
министр: 6 6
вроде: 0 8
разумный: 8
заставить: 6
исходящий: 4
рядовой: 4 4
включительно: 5
вина: 5
кровоснабжаться: 2
повышенный: 2 2 2
нефтегазовый: 6 6
значительно: 8
рф: 4 5 6 8
далёкий: 0 5
зарубка: 0
выстраивать: 4
подкрепить: 8
управлять: 2 8
воздержаться: 6
плохой: 5 5
срочно: 4 8
договориться: 6
сигнал: 6 6
использоваться: 8
рубеж: 0
вторичный: 6
сложный: 0 6
картинка: 6
отмыться: 8
переходить: 5
левый: 4
однотипный: 4
пообещать: 6
поездка: 6
интегрировать: 6
рулить: 8
снятой: 4
правило: 2 4
отмечаться: 2
директор: 6 6 8 8
максим: 8
национальный: 6 6
сельский: 6
коснуться: 4
алексей: 3
южный: 6
дипломатия: 6
живой: 8
элита: 6 6
заблокировать: 4 4
япония: 6 6
расцвет: 0
партнёрство: 6
своеобразный: 0 5
способность: 6 8
раскрываться: 8
пахать: 3
портиться: 6
организация: 0 6
оказываться: 6
известно: 0 8
вызов: 0 1 2 3 4 5 6 7 8 9
подделка: 0 1 2 3 4 5 6 7 8 8 9
дырка: 0
вложение: 8
усилие: 4 6
стиль: 8
кусок: 3
призма: 3
являться: 2 4 6 6 8 8 8
деятельность: 8
смещение: 6
контакт: 7
альтернатива: 6 6
складской: 0
увеличиться: 6 6
отсюда: 2
вернуть: 6 8
предыдущий: 6 6
власть: 6
колебание: 8
существующий: 6
украина: 6 6
сегодня: 4
отправлять: 0 4
познавательный: 5
яма: 5
семь: 8
неприятно: 4 5
чета: 1
потребление: 0 1 2 3 4 5 6 6 7 8 9
изобретатель: 0
аудиторский: 8
половина: 0 8
распространиться: 0
отказаться: 0 1 2 3 4 5 6 7 8 9
существовать: 8 8 8
часто: 0 2 8
получать: 4 5
речь: 4 8
одинаковый: 2
обещать: 4 4 4 8
возникнуть: 6
трата: 4
продолжаться: 8
стоковый: 0 1 2 3 4 5 6 7 8 9
заподозрить: 4
скажем: 8
обязать: 4 8 8
оборот: 3 4 6
отрубиться: 3
чаевой: 4
высокоскоростной: 6
общественный: 6
хотя: 4 5 6 8
предприниматель: 6
защита: 6
потенциальный: 3 3 6
бакс: 8
хороший: 6 8 8 8
расплатиться: 8
темп: 8
большинство: 5
покупка: 4 4 8
плач: 4
луч: 5
присоединиться: 6
пояс: 6
последовательность: 0
условный: 8
машина: 0 0 0 2 6
создатель: 0 1 2 3 4 5 6 7 8 9
переписываться: 0
слушать: 1 5
демаркация: 6
документ: 0 4 4
нечего: 8
разговаривать: 4
покупать: 0 1 2 3 4 5 6 7 8 9
массово: 4
имущество: 0 8
краснота: 2
автоматизация: 0
россграм: 0 1 2 3 4 5 6 7 8 9
склонность: 2
очередной: 5 8
воронов: 1
бренд: 0 0 1 1 2 2 3 3 4 4 5 5 6 6 7 7 8 8 9 9
называться: 5
касса: 0 8
доля: 6
владелец: 6 8 8
грэй: 2
составление: 6
никак: 4 8
сложно: 6 8
изменяться: 3
новостной: 0 1 2 3 4 5 6 7 8 9
лимит: 4 4 4
предусмотреть: 5
пойти: 6
пункт: 5 8 8
торговаться: 8 8
поразбираться: 8
например: 0 2 6 8
охват: 4
разногласие: 6
экспертиза: 0
строительство: 6 6
миронов: 4
глобальный: 6 6
частичный: 6
людская: 5
софт: 0
выразить: 2
семя: 0
просыпаться: 4
перфокарта: 0 0 0
ректор: 0 1 2 3 4 5 6 7 8 9
бремя: 5
стоить: 0 5 6 8 8
поменять: 4 8
реклама: 5
разнообразный: 8
лишний: 8
таможня: 6
дождаться: 8
умаров: 6
уважаемый: 8
блокчейн: 8 8
долгий: 5
подавляться: 5
тетерев: 8
конфисковать: 8
подвергать: 6
америка: 0
тестостерон: 2 2
гершензон: 0 1 2 3 4 5 6 7 8 9
оба: 6 6 6
достигнуть: 6 6
пик: 6
суверенный: 6
импорт: 6 6
присутствие: 6
я: 4
обрекать: 5
прочный: 2
вырасти: 4 6 6 6
купероза: 2
уголь: 6
плательщик: 0
контрсанкция: 8
берроуз: 0
научить: 5
грандиозность: 2
универсальность: 0 1 2 3 4 5 6 7 8 9
поговорить: 5
утром: 4
показатель: 6
обновление: 0 1 2 3 4 5 6 7 8 9
круг: 6
бесплатно: 5
сайт: 0 1 2 3 4 4 5 6 7 8 8 9
строго: 4
случиться: 0 1 3 4
египет: 0 6
территория: 5 6 6
фотограф: 0 1 2 3 4 5 6 7 8 9
уходить: 6
превышать: 4
минерал: 6
фон: 4 6
способный: 0
скорый: 1
опись: 8
внутри: 0 1 4 6
вопрос: 4 5 5 6 6 8 8
слабость: 2
подвергаться: 4 8
порой: 5
жетон: 0 0
соробан: 0
числиться: 8
чувствительный: 2 6
создать: 0
выставляться: 4
ожидать: 6 6
наложить: 6
запрос: 4
предупреждать: 6
судить: 8
конвертация: 8
очешуесть: 8
приятный: 8
житель: 0 6
бабло: 8
сергей: 0 1 2 3 4 5 6 7 8 9
курс: 8
юанев: 6
россиянин: 0 1 2 3 4 5 6 7 8 8 8 9
опция: 4
сплошной: 5
кризис: 5 6
перераспределение: 6
индия: 6
госдолг: 8
гипергидроза: 2
исчерпывающий: 4
социальный: 5
хеджироваться: 6
обязывать: 6
группа: 0 1 2 3 4 5 6 7 8 9
автор: 3 5 6 6 6 7
прочий: 6 8
обнаруживаться: 8
отвращение: 5
отчёт: 8 8
странно: 4
накладный: 0
годовой: 1 8
относительно: 3 8
значительный: 6 6
практика: 6
бирка: 0 0
почувствовать: 6
валюта: 0 1 4 4 4 8
эквайринг: 3
томно: 5
утверждать: 6
италия: 6 6
подряд: 4
дерма: 2
уточнение: 4
свойственный: 2
земля: 0
устройство: 0
творить: 0
ускорять: 0
пятёрка: 6
приватный: 8 8
каков: 3 6
ценность: 5 6
транзисторный: 6
вместо: 8
приобрести: 6
книжка: 0
подруга: 8
пост: 4
утверждение: 8
увидеть: 5 5 6
дорогой: 0 8
брать: 1 3 8 8
параметр: 6
незаметный: 0
продолжение: 2
либо: 5 6 8
повышение: 4 6
осуществиться: 6
основный: 2 6 6
идеал: 6
позвонить: 4
призвать: 6
догадаться: 8
химический: 6
около: 0 1 6 8
оборона: 6
турбулентность: 3
страница: 0 6
вытеснить: 6
холодно: 3 4
безрисковой: 8
сохранение: 8
вскоре: 0 8
просто: 4 5 6 8
прочить: 6
духовный: 5
отрисовка: 0 1 2 3 4 5 6 7 8 9
выходить: 1 6
инвестирование: 6
реализовывать: 5
вздыхать: 5
автоматический: 4
руководитель: 0 1 2 3 4 5 6 7 8 9
соглашение: 6 8
поступление: 4
давление: 6
контроль: 6 8
подробный: 8
вывести: 4
некий: 8 8
скрываться: 8
улица: 1
турция: 6 6
восьмой: 0
безоговорочный: 6
региональный: 6 6
утомление: 5
отмахиваться: 5
совершенно: 8
модель: 3
инвентаризация: 0
местный: 6
утомлять: 5
сближение: 6 6
напряжённость: 6
зотов: 0 1 2 3 4 5 6 7 8 9
аппаратура: 6
собрать: 0 1 2 3 4 5 6 7 8 9
заплатить: 4
разработка: 6 6
пересчёт: 8
спешить: 6
данный: 5 6
физиология: 2
зато: 2 8
записаться: 5
итого: 8
обмен: 4 8 8
конфиденциальный: 4 4
обобщение: 5
косвенно: 6
вероятность: 3 3
полупроводниковый: 6
выпасть: 6
кином: 0 1 2 3 4 5 6 7 8 9
урегулирование: 6
трешевымь: 8
поэтому: 0
еда: 0 1 2 3 4 5 6 7 8 9
хитрый: 8
жертва: 6 8
дисклеймера: 6
лихтенштейн: 8
ради: 0 6
месопотамия: 0
прогноз: 1
волокно: 2
достигнутый: 6
пластиковый: 0 1 2 3 4 5 6 7 8 9
единица: 5
временно: 8
пример: 3 6 8 8
извиниться: 4
рука: 8
список: 0 0 1 2 3 3 4 5 6 6 7 8 8 9
независимость: 6
рабочий: 5 6
электромеханический: 0
развиваться: 6
взять: 6 8
снаружи: 1
рассеяться: 6
номинальный: 6
куча: 0 8
образ: 6 8
пропускать: 4
безразличие: 5
весьма: 8
эдинбургский: 0
обратиться: 4
дисбаланс: 8
поселение: 0
внимательный: 6
двойной: 0 0 0
точка: 4
скандал: 8
больничный: 0
новость: 0 1 2 3 4 5 6 7 8 8 9
прозрачность: 6 8
коренной: 6
вторжение: 6
прототип: 0 0 1 1 2 2 3 3 4 4 5 5 6 6 7 7 8 8 9 9
биржевой: 8
регулировать: 0
подстраиваться: 3
уровень: 2 4
дружба: 6 6
взаимодополняемость: 6
протекционизм: 6
рычаг: 6
горизонт: 6
традиционный: 8
морган: 8
приходиться: 6
выделение: 2
восток: 6 6
капитализация: 1 8 8
звонок: 6
табулятор: 0
следом: 4
пока: 4 6 8
состояться: 6
кредитор: 8
северный: 6
двенадцать: 0
степень: 6
закончиться: 4
танан: 3
вызывать: 6 8
изделие: 6
перспектива: 6 8
контрагент: 0
сообщить: 4 6
обеспечиваться: 8
надлежащий: 6
отстаивание: 6
журналист: 8
принести: 8
иначе: 6
довольно: 4 8
совершенный: 0
конфета: 6
необходимый: 6
лаборатория: 0 0 1 1 2 2 3 3 4 4 5 5 6 6 7 7 8 8 9 9
прогресс: 6
англия: 6
площадь: 6
стартап: 0 1 2 3 4 5 6 7 8 9
ответственность: 6
безопасность: 6 8
угроза: 6 6
наоборот: 8
инвестировать: 6 6
возможный: 3 4
усугубляться: 2
неравноправный: 6
штаны: 1
отнестись: 6
безлимитный: 0 1 2 3 4 5 6 7 8 9
роснефть: 6
меняться: 3
подписать: 6 6
инструмент: 0 0 5 6
наступать: 5
саммит: 6
возвращать: 8
себум: 2
истребитель: 6
конвертировать: 8
пасовать: 2
фермер: 6
урок: 6
сей: 4
запуск: 0 1 2 3 4 5 6 7 8 9
сосредоточиться: 2
некто: 8
удостовериться: 8
ветка: 1 5 7
ссылка: 4
свободно: 0 1 2 3 4 5 6 7 8 9
разрываться: 6
собираться: 8
сельскохозяйственный: 6
нераскрытый: 8
логистика: 6
рассмотрение: 6
наблюдать: 8
суз: 0
стейблкойный: 8
возделывать: 0
распиливать: 0
оттуда: 8
колометрический: 2
вполне: 6 8
комплектующие: 6
вдвое: 8
эволюция: 6
обычный: 4
десятилетие: 0
илья: 8
вели: 0
частый: 0
умудриться: 8
принудительно: 8
ощущать: 5 5
рассуждать: 6
считаться: 0 3 5
ооо: 8
паренёк: 8
ряд: 6
мода: 0 1 2 3 4 5 6 7 8 9
твёрдый: 8
форма: 0
гарантия: 4 6 8
денис: 0
блог: 1 7
разблокировать: 4
раздражать: 5
выполнять: 0
сбой: 4
промышленный: 6
часы: 6
инициатива: 6 6
начаться: 0
ребята: 8
доверие: 4 6
красный: 2
помещать: 0
польза: 4 5
бесполезно: 4
фиолетовый: 2
увеличение: 8
особый: 6
сделать: 0 1 2 3 3 4 5 6 7 8 9
картина: 5
рассматривать: 6 6 8
ключ: 8
гендерный: 2
учесть: 3 8
стела: 0
найти: 0 1 2 3 4 5 6 7 8 9
перевод: 4 4 4 8
госконтракт: 6
пожар: 1
осуждать: 6
прямо: 4 6 8
согласиться: 6
провал: 4
добрый: 4
олег: 6
киномами: 0 1 2 3 4 5 6 7 8 9
заключаться: 8
тайваньский: 6
аналитик: 1 6 6
спорный: 4
комплексный: 4
точный: 0
безграмотный: 4
неизвестно: 8
обменять: 8
экономика: 6 6
обвинение: 8
нелёгкий: 8
полагаться: 0
уведомить: 4 4
римский: 0 0 0
помощь: 0
отторгнуть: 6
посетить: 6
премьер: 0 1 2 3 4 5 6 7 8 9
майнить: 8
союзник: 6 6
конкуренция: 6
ничто: 4
криптоиндустрия: 8
неконфронтационный: 6
обойти: 6
президент: 6 6
заявлять: 6 8
получение: 4
штат: 6
текстиль: 6
опыт: 0 1 2 3 4 5 5 6 6 7 8 9
мощный: 0
размещать: 8
убирать: 6
ныне: 8
предоставить: 4
быстро: 0 1 2 3 4 5 6 7 8 9
именно: 0 2 4 5 8
поганый: 5
режим: 6
квартал: 6
подключаться: 8
оттенок: 2
объяснимый: 2
модератор: 4
разумеется: 4
спецоперация: 4
так: 1
одновременно: 0 5 8
внутренний: 6
графика: 0
пятка: 8
ядерный: 6
налог: 0 4
скрытый: 6
возвращение: 6
прочувствовать: 0 1 2 3 4 5 6 7 8 9
скорее: 1 4 8
товарищ: 6
хизер: 8
ходить: 3
раствориться: 6 6
слабоватый: 3
бесперебойный: 6
жизнеспособный: 6
экспортировать: 6 6
величина: 0
опустить: 4
наличка: 4
слепой: 0 1 2 3 4 5 6 7 8 9
фаза: 8
налоговый: 0 4
дизайн: 0 1 2 3 4 5 6 7 8 9
аналогичный: 6
отметка: 6
японский: 0
сверстница: 2
десктопный: 0
блок: 3
вечером: 4
бельгия: 6
эксклюзивный: 0 1 2 3 4 5 6 7 8 9
республика: 0 6
нуль: 4
автопродление: 5
регистр: 0
металлический: 0
миллион: 6 8 8 8
знаменитый: 6
орфография: 4
подозрительный: 4
революционный: 0
март: 1 4 6
зафиксировать: 4
удобный: 4
лев: 0 1 2 3 4 5 6 7 8 9
среда: 6
прикрытие: 6
кроме: 5 6
уехать: 6
текущий: 8 8
хватать: 8
египтянин: 0
введение: 4 6
мешать: 6
недоразумение: 4
переговорщик: 6
народный: 6
возникновение: 8
фигура: 0
сосуд: 0 2
девазиня: 8
преступный: 4
закрыть: 4
улучшаться: 6
итак: 8
млн: 0 4
мировой: 8
важно: 4 5
погашать: 8
характер: 2 6
ссылаться: 4
поправка: 8
публикация: 6
провоцировать: 8
плотный: 2
нередко: 2
упражнение: 3
потребоваться: 0 8
половой: 2 2
открыться: 4
складываться: 8
руб: 4
монета: 8 8
оштрафовать: 8
идеальный: 6
новинка: 0
мелкий: 2 4 6 8
существование: 8
украинский: 1 6
кредитка: 4
фотосессия: 0 1 2 3 4 5 6 7 8 9
смена: 0
драгоценность: 6
закрепить: 6
узбекистан: 6
яндекс: 0 1 2 3 4 5 6 7 8 9
субъективный: 3
напряжение: 5
оборудование: 6 6
победа: 6
активировать: 5
оно: 5
пластмасса: 6
завтра: 4 5
настороженно: 6
дешёвый: 6
подтверждать: 8
никто: 4 6 8
палочка: 0
некуда: 1
деловой: 6
бронирование: 0 1 2 3 4 5 6 7 8 9
увенчаться: 8
трудоёмкость: 3
банкомат: 4
московский: 8
избежание: 4
просить: 4
забирать: 6
криптокошелёк: 8
проснуться: 8
спецслужба: 6
далее: 5 8
пищевой: 6
вводить: 0
менее: 8
скушать: 8
иран: 6
цвет: 2
лояльность: 4
геополитический: 6
крымский: 6
завидовать: 3
сначала: 0 8
входящий: 4
вычет: 4
хакер: 8
временной: 8
связать: 6
вечно: 0
начислить: 4 4
мутить: 4
десятилетка: 6
представлять: 6
подчёркивать: 8
светлый: 8
формулировка: 8 8
девушка: 4
досрочно: 4
переслать: 0
конкретно: 8
ход: 8
закрепиться: 6
ввести: 0
организационный: 1
предположим: 8
лишь: 0 3 4 5 8
виталий: 6
свойство: 6
заработок: 5
редакция: 0 1 2 3 4 5 6 7 8 9
призыв: 6
вплоть: 0 8
четвёртый: 4
коллега: 6
караганов: 6
импортный: 6
массовый: 0
подлинный: 0
век: 0
менять: 4
асеана: 6
четыреста: 6
намного: 6
промокод: 5
достаточный: 8
цзэминь: 6
разбор: 8
досрочный: 1
пандемия: 6
деревянный: 0
пионер: 8
путь: 6 8
построение: 6
фонд: 8
сдержанный: 6
туманный: 8
ежегодно: 8
отнюдь: 8
нормально: 5
узкий: 0
мара: 0 1 2 3 4 5 6 7 8 9
геополитика: 6
прояснить: 4
высоко: 4
присутствовать: 5
параллельный: 0
счетовод: 0
правильный: 5
математический: 8
средневековый: 0
подразумевать: 5
увы: 5
заслуживать: 6
марс: 2
вчерашний: 4
предназначить: 6
разница: 6
прошлый: 0 1 2 3 4 5 6 7 8 9
отписать: 4
критически: 6
внезапно: 4 8
автоматически: 0
доступный: 8
иерихон: 0
ширяев: 0 1 2 3 4 5 6 7 8 9
фокус: 5
удобство: 0 1 2 3 4 5 6 7 8 9
сомнительный: 8
сравнивать: 8
неоднократно: 8
раскрытие: 8
прекрасно: 8
выявить: 2
франция: 6
добрососедство: 6
исключить: 8
учёт: 0 3 8
снчть: 1
абак: 0
обёртка: 6
ввозить: 6
бурение: 6
прикинуть: 3
рамка: 6
заложить: 6
качество: 4 6 8
проезд: 4
функция: 5
обозначать: 0 8
тодин: 0
архитектура: 3
таможенный: 6
исследование: 2
придать: 4
каучук: 6
ишаго: 0
скорость: 0
снимать: 6
эквивалент: 8
намереваться: 6
бедный: 6
абака: 0 0
централизовать: 0
сентябрь: 4
расппа: 6
русский: 8
выясниться: 4 8
совместный: 6
длинный: 8
нидерланды: 6
осудить: 6
пацан: 8
инфекционный: 6
казахстан: 6 6
взамен: 8
ндс: 0
банкир: 0
раздел: 6 8
цзян: 6
балтика: 0 1 2 3 4 5 6 7 8 9
контент: 0 1 2 3 4 5 6 7 8 9
виртуальный: 4
нервный: 8
август: 6
эйфория: 6
мощь: 6
исследовать: 5
микроэлектроника: 6
бензин: 2
сохранить: 4
присматриваться: 6
обнаружить: 4 5 8
шрифт: 8
детство: 5
сопоставить: 5
производить: 0 1 2 3 4 5 6 6 7 8 9
наступление: 3
распространить: 8
реакция: 3
р: 1 4
факт: 4 8
моральный: 6
упор: 5
соседний: 6
млрд: 6
извинить: 8
сперва: 0
газ: 6
минута: 0
нарастить: 6
обратно: 8
честной: 8
успокаивать: 4
откуда: 4
петров: 1
проработать: 8
ениколоп: 0 1 2 3 4 5 6 7 8 9
команда: 6
транснациональный: 6
ес: 6
внутрь: 0
протест: 6
касперский: 0 1 2 3 4 5 6 7 8 9
причинный: 8
пообедать: 4
сделка: 0
малый: 8
анастасия: 0 1 2 3 4 5 6 7 8 9
исключительно: 6 8
давно: 1 3 6
напористый: 6
отказ: 6
объединить: 0 1 2 3 4 5 6 7 8 9
специализироваться: 8
сразу: 0 1 2 3 4 5 6 7 8 9
район: 2 4 8
терять: 8
катастрофа: 6
кричащий: 5
перекрыть: 3
ранее: 4 5 6 8
односторонний: 6
расплывчатый: 8
дебет: 0
география: 0 1 2 3 4 5 6 7 8 9
сравнение: 6
максимум: 4
памятник: 6
признаться: 8
тимур: 1
настырный: 8
подвести: 6
постепенно: 0 6
взглянуть: 3 6
насоздавать: 8
лично: 4 8
порекомендовать: 0 1 2 3 4 5 6 7 8 9
легко: 2
картонка: 0
континент: 6
фантик: 8
утерять: 4
устать: 0
зайти: 5
неделя: 4
придерживаться: 6
естественный: 5
конструктивный: 6
разрисовывать: 0
отчётность: 0 8
держать: 8
тройка: 8
затем: 0
процедура: 8 8
тинькофф: 4
заглянуть: 4
дистанционный: 4
коучий: 5
мероприятие: 0 1 2 3 4 6 6 7 8 9
г: 5
прибавлять: 0
гардероб: 0 1 2 3 4 5 6 7 8 9
слышный: 8
джон: 2
настроение: 0 1 2 3 4 5 6 7 8 9
вырубка: 6
предсказуемость: 6
взвешивать: 3
к: 5 8
месторождение: 6
запускать: 5
запись: 0 0 1 7
логарифмический: 8
становиться: 2 5
специфический: 2
расторгнуть: 6
связанный: 6
ссудный: 0
помещаться: 0
трубопровод: 6
готовить: 0
асимметрия: 6
всякий: 8
клушина: 7
частный: 6
транспортный: 6
отнимать: 0
ммм: 8
раскладывать: 3
ежедневный: 0
берроуза: 0
делиться: 0 1 2 3 4 5 6 7 8 9
константин: 1
сирия: 6
назад: 0 4 6 8
суаньпание: 0
разбираться: 8
криптобудущее: 8
аудировать: 8
экспортироваться: 6
очередь: 8
естественно: 4
испытывать: 5
вынести: 6
внешний: 6
невзирая: 6
определённый: 8
относить: 1
надёжно: 8
предпосылка: 6
транспорт: 6
невозможно: 0 1 4 8
настроить: 8
накопление: 4
выйти: 6
самостоятельно: 4 6
трое: 8
снизиться: 6
потреблять: 0 1 2 3 4 5 6 6 7 8 9
обработка: 8
затащить: 3
ниже: 8
единоразов: 4
записывать: 0
сползать: 8
нелёгкая: 8
федерация: 6
рейтинг: 8
противостояние: 6
недавно: 6 8
стричь: 8
обходить: 0 1 2 3 4 5 6 7 8 9
канада: 0
спустя: 0
прога: 3
кукуха: 5
частность: 8
объединять: 4
прагматизм: 6
вес: 6
раз: 0 1 2 3 4 5 6 7 8 9
привычный: 0
неуклонный: 8
долгосрочный: 6
капилляр: 2
обесценивать: 5
двое: 4
целый: 0
хозяйство: 6
равный: 0
затрагивать: 6
вилы: 1
амбиция: 2
пиво: 0 1 2 3 4 5 6 7 8 9
устанавливать: 0
леонид: 6
ненавидеть: 8
знакомиться: 5
добавлять: 4
июль: 6
сводиться: 4
короткий: 8
сбп: 4
февраль: 4 6
иронично: 4
нормальный: 8
лидерство: 6
стремиться: 6
дмитрий: 3
направлять: 5
уезжать: 8
раздражаться: 5
осязаемый: 8
ухудшение: 6
светлана: 9
уникальный: 6
пакет: 0 1 2 3 4 5 6 7 8 9
крайний: 6
тотем: 0
видеозвонок: 6
долг: 1 8
зарегистрировать: 8
включаться: 8
далеко: 0 6 8
прибыль: 0
мало: 6
равно: 2 4
просматриваться: 6
чжу: 6
бриться: 2
получатель: 0
умножать: 0
консультация: 7
скриншот: 4
зависимость: 6
считывать: 0
арефьев: 3
